			First Packet		Second Packet		Last Packet		First Packet Offset	Editcap Offset



ARP_Burst		1346905423.066152819	1346905423.066402571	1346905423.125903197
ARP_Burst2		1346904320.000249000	1346904320.000499000	1346904320.060000000	-1103.065903067

ARP_Request		1346904301.985088169	1346904301.990643908	1346904362.074025234	0.000000000
ARP_Request2		1346904300.000000000	1346904300.005555000	1346904360.088937000	0.000000000		-1.985088169

DHCP			1346904629.270408025	1346904629.280408186	1346904689.960408264	0.004194670
DHCP2			1346904300.004195000	1346904300.014195000	1346904360.694195000	-329.266213355

ENIP_Class1		1346905136.760017950	1346905136.760573608	1346905179.581472041	0.000108114
ENIP_Class1-2		1346904300.000108000	1346904300.000664000	1346904342.821563000	-836.759909836
ENIP_Class1-3		1346904342.821562000	1346904342.822118000	1346904385.643017000	-793.937898950

ENIP_ListIdentity	1346904970.244838459	1346904970.344838397	1346905030.344838390	0.094239704
ENIP_ListIdentity2	1346904300.094240000	1346904300.194240000	1346904360.194240000	-670.150598755

Gratuitous_ARP		1346904462.572696253	1346904462.578251991	1346904523.239411671	0.000006704
Gratuitous_ARP2		1346904300.000007000	1346904300.005562000	1346904360.666722000	-162.572689549

ICMP			1346904745.785628310	1346904745.795628471	1346904806.075628795	0.004224003
ICMP2			1346904300.004224000	1346904300.014224000	1346904360.294224000	-445.781404307

NTP			1346904862.758379448	1346904862.858379387	1346904923.058379257	0.094223780
NTP2			1346904300.094224000	1346904300.194224000	1346904360.394224000	-562.664155668

